"","week","year","pos_mos_no","total_no_mos","prop_pos_mos","avg_soil_t_4","avg_soil_t_2","TMAX_avg","TMIN_avg","avg_temp","max_wind","precip_mean"
"1",23,2016,0,139,0,68.6571428571429,70.4714285714286,75.672131147541,56.4677419354839,66.0699365415124,"9.9",0.0589617486338798
"2",23,2017,0,550,0,69.2571428571429,77.1,81.2380952380952,58.5079365079365,69.8730158730159,"64.0",0.0119487179487179
"3",23,2018,50,1127,0.0443655723158829,69.7,70.8857142857143,76.1746031746032,55.5873015873016,65.8809523809524,"5.0",0.231470588235294
"4",24,2016,0,1138,0,73.1714285714286,76.5571428571429,85.0161290322581,63.1290322580645,74.0725806451613,"9.9",0.150651289009498
"5",24,2017,44,533,0.0825515947467167,75.4571428571429,80.5428571428571,89.4603174603175,67.8571428571429,78.6587301587302,"9.9",0.180496815286624
"6",24,2018,2,1350,0.00148148148148148,72.6428571428571,73.3,81.8095238095238,63.9206349206349,72.8650793650794,"8.1",0.154263363754889
"7",25,2016,0,2287,0,73.8285714285714,78.7285714285714,83.8888888888889,64.0793650793651,73.984126984127,"8.7",0.144388586956522
"8",25,2017,7,251,0.0278884462151394,74.4857142857143,73.6142857142857,80.9047619047619,61.5714285714286,71.2380952380952,"8.1",0.176025806451613
"9",25,2018,124,1362,0.0910425844346549,73.9428571428571,73.0571428571429,78.1746031746032,62.8412698412698,70.5079365079365,"8.1",0.532569696969697
"10",26,2016,13,1019,0.0127576054955839,74.3714285714286,78.4285714285714,82.9206349206349,63.2539682539683,73.0873015873016,"6.2",0.0218636995827538
"11",26,2017,17,405,0.0419753086419753,71.3428571428571,71.7571428571429,77.9193548387097,58.5,68.2096774193548,"9.9",0.155299363057325
"12",26,2018,304,2138,0.142188961646398,77.3571428571429,76.0571428571429,86.1269841269841,67.9365079365079,77.031746031746,"6.2",0.111918158567775
"13",27,2016,333,1488,0.223790322580645,73.1857142857143,77.2571428571429,80.5238095238095,62.5714285714286,71.547619047619,"8.7",0.168834437086093
"14",27,2017,0,434,0,76.6,83.3428571428571,84.968253968254,64.6190476190476,74.7936507936508,"9.9",0.0368224299065421
"15",27,2018,56,752,0.074468085106383,77.6857142857143,75.4,86,65.0952380952381,75.5476190476191,"34.8",0.167082802547771
"16",28,2016,217,870,0.249425287356322,76.6571428571429,81.8428571428571,85.95,67.2542372881356,76.6021186440678,"49.7",0.118406593406593
"17",28,2017,394,1424,0.276685393258427,75.9,77.1428571428571,81.4838709677419,65.1774193548387,73.3306451612903,"9.9",0.299193121693122
"18",28,2018,322,1341,0.240119313944817,76.2857142857143,75.0428571428571,87.4444444444444,68.4761904761905,77.9603174603175,"6.2",0.0385368956743003
"19",29,2016,557,1501,0.371085942704863,76.1714285714286,80.3428571428571,84.3650793650794,65.8095238095238,75.0873015873016,"9.9",0.149972067039106
"20",29,2017,561,1350,0.415555555555556,77.3428571428571,80.4428571428571,83.7619047619048,64.8571428571429,74.3095238095238,"9.9",0.503701799485861
"21",29,2018,484,1250,0.3872,75.3714285714286,73.3285714285714,82.3015873015873,66.2380952380952,74.2698412698413,"88.2",0.166540962288687
"22",30,2016,3615,5654,0.63937035726919,79.7857142857143,83.8857142857143,88.968253968254,69.8571428571429,79.4126984126984,"3.1",0.467169811320755
"23",30,2017,207,695,0.297841726618705,77.4428571428571,78.0571428571428,81.5161290322581,65.8548387096774,73.6854838709677,"8.1",0.0948157894736842
"24",30,2018,676,1270,0.532283464566929,74.6142857142857,76.3285714285714,81.3809523809524,63.4444444444444,72.4126984126984,"9.9",0.0169220607661823
"25",31,2016,2607,3533,0.737899801868101,77.5285714285714,81.0428571428571,84.1428571428571,68.0952380952381,76.1190476190476,"8.7",0.21701044386423
"26",31,2017,848,1603,0.529008109794136,75.3285714285714,78.2714285714286,81.3114754098361,61.8688524590164,71.5901639344262,"19.3",0.118666666666667
"27",31,2018,647,1405,0.460498220640569,73.9714285714286,80.4,85.984126984127,65.4920634920635,75.7380952380952,"8.1",0.0277176781002639
"28",32,2016,2572,3729,0.689729149906141,78.1285714285714,82.8857142857143,86.6825396825397,68.4126984126984,77.5476190476191,"8.7",0.00767160161507402
"29",32,2017,324,1052,0.307984790874525,71.8,76.2714285714286,79.6129032258064,60.5483870967742,70.0806451612903,"9.9",0.0163552631578947
"30",32,2018,709,1549,0.457714654615881,75.6571428571429,78.6857142857143,85.6190476190476,68.1269841269841,76.8730158730159,"6.8",0.148161953727506
"31",33,2016,1940,3701,0.524182653336936,77.9857142857143,79.6428571428571,84.6190476190476,69.9365079365079,77.2777777777778,"6.8",0.418556962025316
"32",33,2017,1242,1703,0.729301233118027,73.3857142857143,78.2142857142857,81.8709677419355,63.758064516129,72.8145161290323,"8.7",0.0404884318766067
"33",33,2018,807,1518,0.531620553359684,77.4,80.1285714285714,85.3174603174603,67.7936507936508,76.5555555555556,"9.9",0.120739348370927
"34",34,2016,513,1323,0.387755102040816,75.3142857142857,75.2,81.8253968253968,63.7936507936508,72.8095238095238,"52.8",0.257451235370611
"35",34,2017,576,1098,0.524590163934426,72.1285714285714,74.7285714285714,80.0322580645161,60.241935483871,70.1370967741936,"8.7",0.0780338541666667
"36",34,2018,191,460,0.415217391304348,73.9285714285714,73.8714285714286,80.8548387096774,63.5967741935484,72.2258064516129,"8.7",0.256508344030809
"37",35,2016,784,2137,0.366869443144595,76.0142857142857,75.7,81.968253968254,67.2698412698413,74.6190476190476,"9.9",0.265520421607378
"38",35,2017,106,759,0.13965744400527,69.7714285714286,72.9428571428571,75.758064516129,58.5,67.1290322580645,"6.8",0.0741221374045802
"39",35,2018,97,468,0.207264957264957,75.4285714285714,76.0571428571428,84.6190476190476,66.6349206349206,75.6269841269841,"60.3",0.331934260429836
"40",36,2016,1255,3515,0.357041251778094,74.1428571428571,75.1571428571429,82.8870967741936,65.1129032258064,74,"6.2",0.0674418604651163
"41",36,2017,201,591,0.34010152284264,65.8857142857143,69,73.2380952380952,53.9206349206349,63.5793650793651,"6.8",0.0234422110552764
"42",36,2018,30,539,0.0556586270871985,73.8714285714286,70.7571428571429,79.1428571428571,65.8730158730159,72.5079365079365,"8.1",0.3090125
"43",37,2016,384,1690,0.227218934911243,70.8,71.4571428571429,78.1428571428571,60.4285714285714,69.2857142857143,"8.1",0.0394946808510638
"44",37,2017,4,570,0.00701754385964912,67.4571428571429,71.5,77.7301587301587,56.2698412698413,67,"8.1",0.0104779874213836
"45",37,2018,42,333,0.126126126126126,72.0142857142857,74.8428571428571,79.5238095238095,59.5714285714286,69.547619047619,"6.8",1.25e-05
"46",38,2016,68,2120,0.0320754716981132,70.2428571428571,72.5571428571428,81.7301587301587,62.6825396825397,72.2063492063492,"32.9",0.0581743869209809
"47",38,2017,42,379,0.110817941952507,72.5142857142857,76.9142857142857,86.8571428571429,64.9523809523809,75.9047619047619,"8.7",0.0698759305210918
"48",38,2018,124,739,0.167794316644114,71.8571428571429,73.9285714285714,79.7301587301587,61,70.3650793650794,"9.9",0.0301662404092072
"49",39,2016,41,867,0.0472895040369089,67.0428571428571,65.8142857142857,72.7619047619048,58.4285714285714,65.5952380952381,"83.9",0.107611336032389
"50",39,2017,12,839,0.0143027413587604,70.3285714285714,73.1571428571429,81.1129032258064,60.5967741935484,70.8548387096774,"5.0",0.000365239294710327
"51",39,2018,0,379,0,64.6285714285714,62.0428571428571,69.0483870967742,49.4193548387097,59.2338709677419,"8.1",0.0926149802890933
